354109
354110
354111
354112
354113
354114
354115
354116
354117
354118
354119
354120
354121
354122
354123
354125
354126
354127
354128
354129
354130
354131
354132
354133
354134
354135
354136
354137
354138
354139
354140
354141
354142
354143
354149
354150
354347
354348
354349
354350
354351
354444
354445
354446
354447
354448
354449
354450
354451
354452
354453
354454
354455
354456
354457
354458
354502
354503
354505
354506
354507
354508
354509
354510
354518
354588
354589
354590
354591
354782
354783
354784
354785
354786
354787
354788
354789
354790
354791
354792
354793
354794
354795
354797
354798
354799
354800
354801
354802
354803
354804
354805
354806
354807
354808
354809
354811
354812
354813
354814
354815
354816
354817
354818
354819
354820
354821
354822
354823
354824
354825
354826
354827
354828
354829
354830
354831
354832
354833
354834
354835
354836
354837
354838
354839
354840
354841
354842
354843
354844
354848
354849
354861
354871
354872
354873
354874
354875
354876
354877
354878
354879
354880
354881
354882
354883
354884
354885
354886
354887
354888
354890
354891
354892
354893
354894
354895
354896
354897
354898
354899
354900
354901
354903
354904
354905
354906
354907
354908
354913
354914
354915
354917
354919
354922
354925
354926
354929
354930
354931
354934
354935
354936
354937
354938
354939
354942
354943
354944
354945
354946
354947
354948
354949
354950
354951
354952
354953
354956
354957
354958
354959
354960
354961
354962
354963
354964
354965
354966
354967
354971
354972
354973
354974
354975
354977
354989
354990
354991
354992
354995
354996
354997